     0/299    0.487G   0.09222   0.02556   0.05511    0.1729        82       640   0.02795   0.06735   0.01851  0.003457    0.1244   0.03595   0.05973
     1/299     2.59G   0.07663   0.01865   0.04654    0.1418        88       640    0.1434      0.29    0.1213   0.03869    0.1113   0.04172   0.05321
     2/299     3.45G   0.06609   0.01888   0.04102     0.126        73       640    0.2391    0.2426    0.2182   0.07317   0.09936   0.04106   0.04999
     3/299     3.45G   0.06092   0.01835   0.03565    0.1149        83       640    0.3308    0.4463    0.3606    0.1152   0.09176   0.03806    0.0471
     4/299     3.45G   0.05503   0.01989   0.03054    0.1055        92       640    0.2979    0.5453     0.377    0.1361    0.0877   0.03794   0.04382
     5/299     3.45G   0.05168   0.02058   0.02568   0.09793        97       640    0.4776    0.6136    0.5425    0.2139   0.07998    0.0382   0.03944
     6/299     3.45G   0.04878   0.02077   0.02013   0.08967        71       640    0.6501    0.6615    0.6516    0.2386   0.07412   0.03995   0.03551
     7/299     3.46G   0.04849   0.02002     0.015   0.08351        85       640    0.5886    0.7267    0.6602    0.2792   0.07634   0.03909   0.03147
     8/299     3.46G   0.04923   0.01865   0.01233   0.08021        65       640    0.6005    0.6874     0.668    0.2522   0.07819     0.037   0.02984
     9/299     3.46G   0.04553   0.01978   0.01061   0.07592        73       640    0.6099    0.5855    0.5344    0.1646    0.0798   0.04091   0.02841
    10/299     3.46G   0.04281   0.01953  0.008435   0.07078        91       640    0.8129    0.7832    0.8461    0.3819   0.06773    0.0437   0.02784
    11/299     3.46G   0.03978   0.01881  0.007401   0.06599        75       640     0.874    0.8033    0.8579      0.37   0.06531   0.04432   0.02784
    12/299     3.46G   0.03992   0.01865  0.006943   0.06551        73       640    0.7819    0.6909    0.7117    0.2301   0.07728   0.04386   0.02811
    13/299     3.46G   0.04123   0.01878   0.00622   0.06623        71       640     0.872    0.8613    0.9115    0.4353   0.06579   0.04366   0.02771
    14/299     3.46G   0.03886   0.01798  0.006141   0.06298        77       640    0.7511     0.719    0.7017    0.2081   0.07352   0.05087   0.03038
    15/299     3.46G   0.03904   0.01688  0.005732   0.06165        80       640    0.8754    0.8334    0.8927    0.3921   0.06939   0.04549   0.02899
    16/299     3.46G   0.03608   0.01746  0.005504   0.05905        87       640    0.8776    0.7998    0.8376     0.267   0.07056   0.05214   0.03038
    17/299     3.46G   0.03709    0.0174  0.005331   0.05982        84       640    0.6788    0.6561    0.5613    0.1315   0.08063   0.05516   0.03306
    18/299     3.46G    0.0352   0.01716  0.005996   0.05835       109       640    0.6668    0.6099    0.5382    0.1232   0.08298   0.05179    0.0331
    19/299     3.46G   0.03539   0.01654  0.006057   0.05799        75       640    0.9322    0.8735    0.9351    0.5234   0.06671    0.0468   0.02915
    20/299     3.46G   0.03507   0.01698  0.006216   0.05827        57       640    0.8914    0.8038    0.8696    0.3463   0.07285   0.05551   0.04114
    21/299     3.46G   0.03493   0.01641  0.006489   0.05783        77       640    0.6127    0.5029    0.4396   0.08768   0.08887   0.05694   0.03349
    22/299     3.46G   0.03653   0.01689   0.00807   0.06149        83       640    0.8854    0.8655    0.9171    0.4505   0.07656   0.04487   0.03138
    23/299     3.46G   0.03655    0.0168   0.00961   0.06297        86       640    0.8734    0.8555    0.9026    0.5435   0.08404   0.03765   0.03284
    24/299     3.46G   0.03431   0.01725  0.007769   0.05933       101       640    0.6696     0.587    0.5725    0.1482   0.09893   0.04005   0.03504
    25/299     3.46G   0.03871   0.01697  0.007455   0.06313        74       640    0.6797    0.5841    0.5395    0.1216   0.09855   0.03992   0.03527
    26/299     3.46G   0.03437    0.0168  0.007378   0.05855        70       640    0.9107    0.8486    0.9062    0.4129    0.0869   0.03919   0.04237
    27/299     3.46G   0.03585   0.01626  0.006352   0.05847        50       640    0.8622    0.8677    0.9091     0.482   0.08659   0.04019   0.04629
    28/299     3.46G   0.03323   0.01547  0.005671   0.05436        84       640     0.417    0.2963    0.1938   0.02847    0.1086   0.03891   0.04094
    29/299     3.46G   0.03308   0.01587  0.006303   0.05525        74       640    0.9352    0.8719    0.9363    0.4859   0.08634   0.03809    0.0453
    30/299     3.46G   0.03582   0.01561  0.007206   0.05863        82       640    0.8675    0.7894    0.8173    0.2815   0.09665   0.03797   0.03753
    31/299     3.46G   0.03185   0.01578  0.007318   0.05494        85       640    0.9114    0.8477    0.9117    0.4874   0.09015   0.03484   0.03299
    32/299     3.46G   0.03486   0.01779  0.008567   0.06121       101       640     0.859    0.7905    0.8311    0.3319   0.08894   0.03915   0.05092
    33/299     3.46G   0.03278   0.01656  0.008575   0.05792        99       640    0.8484    0.8305    0.8653    0.3395   0.08902   0.03783   0.04241
    34/299     3.46G   0.03434     0.016  0.007358    0.0577        82       640    0.8529     0.862    0.8648    0.5335   0.08402   0.03738   0.04037
    35/299     3.46G   0.03463   0.01576  0.006554   0.05694        89       640    0.9481    0.8929    0.9552    0.5934   0.08316    0.0371   0.03663
    36/299     3.46G   0.03146   0.01557  0.005058   0.05208        72       640    0.9276    0.9142    0.9519     0.505   0.08504   0.03837   0.03496
    37/299     3.46G   0.03366   0.01461  0.003971   0.05223        76       640    0.9561    0.9307    0.9708    0.6063   0.08236    0.0386   0.03817
    38/299     3.46G   0.03207   0.01479  0.004651   0.05151        85       640    0.9452    0.9021     0.946    0.4625   0.08891   0.03576   0.04202
    39/299     3.46G   0.03237   0.01472  0.005399   0.05249        69       640     0.926     0.873    0.9165    0.4119   0.08532   0.04427   0.03888
    40/299     3.46G   0.02858    0.0151  0.004298   0.04797        74       640    0.9437    0.8972    0.9495    0.5029   0.08519   0.03952   0.03905
    41/299     3.46G   0.03072   0.01486  0.005918    0.0515       110       640    0.9576    0.9101    0.9652    0.5874   0.08202   0.03872   0.04011
    42/299     3.46G    0.0372   0.01935   0.01524   0.07179        91       640    0.2237    0.0505   0.02639  0.006051    0.1121   0.06445   0.08058
    43/299     3.46G   0.04041   0.02114   0.01137   0.07293        79       640    0.7064    0.6357    0.6611    0.2807    0.0947   0.04305    0.1871
    44/299     3.46G   0.03808   0.01873  0.008524   0.06533        70       640    0.8558    0.7963    0.8675    0.4162   0.08987   0.03912   0.04859
    45/299     3.46G   0.03331   0.01778  0.008736   0.05982        58       640    0.7796    0.6857    0.7609    0.3135   0.09182    0.0415   0.05001
    46/299     3.46G   0.03419   0.01788  0.007113   0.05918       104       640    0.8832    0.8024    0.8804    0.4165   0.08956   0.03845   0.06953
    47/299     3.46G   0.03163    0.0176  0.007097   0.05633        85       640    0.9051    0.8404    0.9079    0.5039    0.0874   0.03904    0.0839
    48/299     3.46G   0.02945   0.01688  0.005025   0.05135        84       640    0.9028     0.877     0.929    0.5315   0.08386   0.03816   0.05955
    49/299     3.46G   0.03404   0.01721  0.007349    0.0586        66       640    0.9317    0.8361    0.9205    0.5019   0.08709   0.03563   0.04307
    50/299     3.46G   0.03987   0.01804   0.01115   0.06907        77       640    0.6404    0.5767    0.5789    0.2209   0.09425   0.04344   0.04782
    51/299     3.46G   0.04017   0.01988   0.01171   0.07176       125       640    0.8318    0.7253    0.8107    0.3937   0.08826   0.04111   0.04373
    52/299     3.46G   0.03747   0.01978   0.01127   0.06852        73       640    0.6941    0.6815    0.6963    0.2772   0.09172   0.04321   0.04985
    53/299     3.46G   0.03707   0.01859   0.01003   0.06569        51       640    0.8486    0.8064    0.8855    0.4873   0.08586   0.04042    0.0373
    54/299     3.46G   0.03746   0.01736  0.007691   0.06251        75       640     0.901    0.8273    0.9117    0.5496   0.08413   0.03925   0.03706
    55/299     3.46G   0.03915    0.0173  0.008609   0.06506        85       640    0.8906    0.8624    0.9234    0.5255   0.08213   0.04305   0.03679
    56/299     3.46G   0.03404   0.01789  0.006635   0.05857       109       640    0.9058    0.8673    0.9243    0.5303    0.0833   0.04006   0.03675
    57/299     3.46G   0.03468   0.01695  0.006699   0.05833        76       640    0.9274    0.8741    0.9382    0.5691   0.08342   0.03905   0.03613
    58/299     3.46G   0.03427   0.01606  0.006329   0.05666        47       640    0.9251    0.8728    0.9378    0.5494   0.08511   0.03826   0.03786
    59/299     3.46G   0.03405   0.01698  0.005615   0.05664        90       640    0.9415    0.8658    0.9471    0.5652    0.0839   0.03942   0.03862
    60/299     3.46G   0.03063   0.01654  0.005866   0.05304        69       640    0.9135    0.8869    0.9402    0.5477   0.08396   0.04059   0.03513
    61/299     3.46G   0.03002   0.01537  0.004806    0.0502        80       640    0.9341    0.8908    0.9503    0.5775   0.08521   0.03869   0.03551
    62/299     3.46G     0.031   0.01664  0.007107   0.05475       125       640     0.936    0.8732    0.9404    0.5688   0.08266   0.04222   0.03902
    63/299     3.46G   0.03148    0.0166  0.006672   0.05475        89       640    0.9391    0.8841    0.9466    0.5796    0.0823   0.04141   0.03948
    64/299     3.46G   0.02991   0.01635  0.005475   0.05174        88       640    0.9565    0.8736    0.9459    0.5397   0.08186   0.04276   0.04091
    65/299     3.46G   0.02891   0.01523   0.00408   0.04822        79       640    0.9249    0.8605    0.9187    0.4226   0.08696   0.04109   0.04175
    66/299     3.46G   0.03168    0.0159  0.004957   0.05254       110       640    0.9471    0.8849     0.948    0.5717   0.08125   0.04264   0.03912
    67/299     3.46G   0.03155   0.01527  0.004443   0.05126        84       640    0.9416    0.8852    0.9426    0.5278   0.08326   0.04319   0.04531
    68/299     3.46G   0.03304   0.01651  0.005599   0.05515        53       640     0.922    0.9062    0.9515    0.5821   0.07993   0.04148   0.04623
    69/299     3.46G   0.03233   0.01535   0.00781   0.05548        99       640    0.9347    0.8954    0.9566    0.5996   0.08014   0.04157   0.03626
    70/299     3.46G   0.03155   0.01483  0.005324   0.05171        92       640    0.9349    0.8961    0.9506    0.5785   0.08129   0.04118   0.03465
    71/299     3.46G   0.03027   0.01529  0.004099   0.04966        93       640    0.9389    0.8921    0.9481     0.505   0.08314   0.04202   0.03516
    72/299     3.46G   0.03332   0.01602  0.005532   0.05487        49       640    0.9483    0.8724    0.9364    0.4723    0.0831   0.04198   0.03368
    73/299     3.46G   0.03182   0.01605  0.007365   0.05523       124       640    0.9277    0.8947    0.9479    0.5579   0.08218    0.0401   0.03412
    74/299     3.46G   0.03152    0.0154  0.006377   0.05329        65       640    0.9431    0.9037    0.9602    0.5932   0.08013    0.0429   0.03721
    75/299     3.46G   0.03214   0.01562  0.006763   0.05453        85       640    0.9303    0.9042    0.9525    0.5213   0.08305   0.04025   0.04157
    76/299     3.46G   0.03037   0.01606  0.005281   0.05171        97       640     0.943    0.9053    0.9532    0.5075   0.08376   0.04036   0.04203
    77/299     3.46G   0.02783   0.01524  0.005504   0.04857        77       640    0.9398    0.9006    0.9559    0.5605     0.081   0.04333   0.03789
    78/299     3.46G   0.02804   0.01499  0.005534   0.04856        82       640    0.9425    0.9026    0.9587    0.5942   0.08449   0.03615   0.03306
    79/299     3.46G   0.02816   0.01515  0.004392    0.0477        70       640    0.9432    0.8977    0.9477    0.4893   0.08668    0.0383   0.03515
    80/299     3.46G   0.02465   0.01545  0.004767   0.04487        79       640    0.9428    0.9004    0.9485    0.4885   0.08438   0.04304   0.03522
    81/299     3.46G   0.02369   0.01515  0.003332   0.04217       112       640    0.9593    0.9018    0.9569    0.5834   0.08725   0.03616   0.03461
    82/299     3.46G   0.02405   0.01458  0.004314   0.04295        75       640     0.949     0.902     0.953    0.5379   0.08653    0.0375   0.03339
    83/299     3.46G   0.02784   0.01574  0.004225    0.0478        76       640    0.9394    0.8815    0.9378    0.4455    0.0886   0.03848   0.03137
    84/299     3.46G   0.03226   0.01455  0.007205   0.05402        80       640    0.9534    0.8993    0.9515    0.4928   0.08601   0.03945   0.03165
    85/299     3.46G   0.02787    0.0148  0.004488   0.04716        73       640    0.9081    0.8626    0.8943    0.3312   0.09126   0.04013   0.03161
    86/299     3.46G   0.02727   0.01488  0.004098   0.04625       109       640    0.9428    0.8903    0.9337    0.4054   0.08796   0.04024   0.03119
    87/299     3.46G   0.02442   0.01404  0.003707   0.04216       113       640     0.951    0.8936    0.9405    0.4391   0.08767   0.03922   0.03112
    88/299     3.46G   0.02573   0.01444  0.003253   0.04343       103       640    0.9424    0.9011    0.9423    0.4325   0.08701   0.04106    0.0315
    89/299     3.46G   0.02938   0.01483  0.004796     0.049        96       640    0.9555     0.918    0.9553    0.4877   0.08369    0.0425    0.0308
    90/299     3.46G   0.02778   0.01432  0.003662   0.04576        87       640    0.9638    0.9154    0.9632    0.5146   0.08401   0.04028   0.03048
    91/299     3.46G   0.03063   0.01451  0.004767    0.0499        81       640    0.9246    0.8623    0.8884    0.3279   0.08769   0.04331   0.03024
    92/299     3.46G   0.02928    0.0142  0.004038   0.04752        61       640    0.9427    0.8866    0.9388    0.4374   0.08308   0.04313   0.03138
    93/299     3.46G   0.02539   0.01449   0.00433   0.04421        70       640    0.9742     0.904    0.9645     0.527   0.08415   0.04118   0.03157
    94/299     3.46G   0.02834   0.01457  0.003913   0.04682        71       640    0.9584    0.8813     0.941    0.3986   0.08886   0.03978   0.03308
    95/299     3.46G   0.02856   0.01362  0.003736   0.04592       120       640    0.9735      0.92    0.9697     0.578   0.08176   0.04167   0.03251
    96/299     3.46G   0.02934   0.01429  0.005749   0.04938        78       640    0.9559    0.8859    0.9407    0.4291   0.08684   0.04013    0.0316
    97/299     3.46G    0.0268   0.01412  0.003428   0.04435        73       640    0.8275    0.7574    0.7433    0.1963   0.09452   0.04256   0.03139
    98/299     3.46G   0.02724   0.01382  0.003592   0.04465        71       640    0.9528    0.9137    0.9558    0.4517   0.08408   0.04283   0.02985
    99/299     3.46G   0.03098   0.01381  0.005661   0.05045        96       640    0.9656    0.9083     0.959    0.4851   0.08401   0.04168    0.0295
   100/299     3.46G   0.02613   0.01407  0.003654   0.04385        64       640    0.9393    0.9291    0.9615    0.5038   0.08504   0.03892   0.03009
   101/299     3.46G   0.02759   0.01376  0.004499   0.04585        68       640    0.9433    0.8953    0.9387    0.4165   0.08759   0.04042   0.03057
   102/299     3.46G   0.02925   0.01435  0.005453   0.04906       116       640    0.9361    0.8826     0.918    0.3156   0.09118   0.04007   0.02943
   103/299     3.46G   0.02993   0.01455  0.004705   0.04919        84       640    0.9281    0.8684    0.9073    0.3534   0.08941   0.04192   0.03095
   104/299     3.46G   0.02856   0.01482  0.005549   0.04893        75       640    0.9607    0.9006    0.9543    0.4602   0.08503   0.04107   0.02988
   105/299     3.46G   0.02789   0.01378  0.004494   0.04616        83       640    0.9663    0.9204    0.9691    0.5298   0.08389   0.04071   0.02851
   106/299     3.46G   0.03073   0.01391  0.004564   0.04921        78       640    0.9369    0.8855    0.9166    0.3333   0.09099   0.03986   0.02758
   107/299     3.46G   0.03053   0.01412  0.005617   0.05026        60       640    0.9691    0.9166     0.966     0.546   0.08209   0.04204   0.02857
   108/299     3.46G   0.02596   0.01415  0.004309   0.04442        88       640    0.9425    0.8803    0.9267    0.3422   0.08754   0.04306   0.02874
   109/299     3.46G   0.03245   0.01416  0.007384   0.05399        84       640    0.9462    0.9074    0.9424    0.3921   0.08576   0.04232   0.02819
   110/299     3.46G   0.02841   0.01485  0.004876   0.04813       112       640    0.9711    0.9094    0.9612    0.4508   0.08285   0.04457   0.02818
   111/299     3.46G   0.02907    0.0138  0.004499   0.04737       112       640    0.9559    0.8869    0.9365    0.3752   0.08779   0.04142   0.02872
   112/299     3.46G   0.02918   0.01411  0.005064   0.04835        82       640    0.9382    0.8856    0.9215    0.3443   0.09077   0.04074   0.02781
   113/299     3.46G   0.02825   0.01393   0.00375   0.04593        83       640    0.9662    0.9263    0.9696    0.5224   0.08399   0.04035   0.02716
   114/299     3.46G    0.0292   0.01389  0.004517   0.04761        88       640    0.9492    0.9027    0.9375    0.4024   0.08833   0.04106   0.02685
   115/299     3.46G   0.02706   0.01369  0.004564   0.04531        56       640    0.9749    0.9306    0.9756    0.5699   0.08226   0.04196   0.02716
   116/299     3.46G    0.0318   0.01345  0.005689   0.05094       105       640    0.9532    0.9167    0.9526    0.4205   0.08725    0.0415   0.02721
   117/299     3.46G    0.0304   0.01374  0.004823   0.04896        95       640    0.9018    0.8764    0.8834    0.2671   0.09208   0.04177   0.02846
   118/299     3.46G   0.02915    0.0139  0.005155    0.0482        77       640    0.9244    0.8861    0.9101    0.3289   0.08811   0.04378   0.02908
   119/299     3.46G    0.0271   0.01387  0.003799   0.04477        90       640    0.9468    0.9332    0.9609    0.4883   0.08254   0.04405   0.02787
   120/299     3.46G    0.0281   0.01366  0.004588   0.04635        72       640    0.9234    0.8672    0.8924    0.2965   0.08979   0.04396    0.0286
   121/299     3.46G   0.03287    0.0135  0.005894   0.05226        69       640     0.971    0.9236    0.9698    0.5544   0.07855   0.04455   0.02789
   122/299     3.46G   0.02958    0.0136  0.004516   0.04769        79       640     0.957    0.9102    0.9534    0.4273   0.08172    0.0478   0.02803
   123/299     3.46G   0.02847   0.01372    0.0038   0.04598        84       640    0.9625     0.933    0.9764    0.6133   0.07737   0.04524   0.02837
   124/299     3.46G   0.02702   0.01379  0.004197   0.04501        94       640    0.9303    0.8772    0.9068    0.3036    0.0902    0.0444   0.02927
   125/299     3.46G    0.0261   0.01411  0.004522   0.04473       125       640    0.9586    0.9301    0.9633     0.436   0.08306   0.04566   0.02924
   126/299     3.46G   0.02541   0.01357  0.003815    0.0428       128       640     0.968    0.9204    0.9649    0.4865   0.08285   0.04469   0.02886
   127/299     3.46G   0.02536   0.01368    0.0032   0.04224        93       640    0.9637     0.931    0.9642    0.4843   0.08207   0.04526   0.02786
   128/299     3.46G   0.02637   0.01325  0.004329   0.04395        61       640    0.9574    0.9358    0.9699    0.5674   0.07908   0.04551   0.02743
   129/299     3.46G   0.02972   0.01442  0.005961    0.0501        72       640    0.9391    0.9106    0.9358    0.3839   0.08535   0.04663   0.02788
   130/299     3.46G   0.02847   0.01368  0.005629   0.04777        83       640     0.955    0.9118    0.9519    0.4299   0.08584   0.04348   0.02787
   131/299     3.46G   0.02497   0.01416  0.003167    0.0423        78       640    0.9679     0.905    0.9584    0.4362   0.08453   0.04579   0.02883
   132/299     3.46G    0.0271   0.01416   0.00516   0.04642        59       640    0.9472    0.9465    0.9716    0.5502   0.07989   0.04532    0.0288
   133/299     3.46G   0.02783   0.01422  0.004903   0.04695       113       640    0.9445    0.9198    0.9443    0.3767   0.08637   0.04547   0.02912
   134/299     3.46G   0.02618   0.01388  0.003516   0.04358       101       640    0.9491    0.9101    0.9445    0.3642   0.08659   0.04403   0.02907
   135/299     3.46G   0.02448   0.01376  0.003862   0.04211       100       640    0.9299    0.8974    0.9307    0.3533   0.08651   0.04521   0.02915
   136/299     3.46G   0.02752   0.01331  0.005495   0.04632        67       640    0.9328    0.9157    0.9356     0.351   0.08606   0.04591   0.02959
   137/299     3.46G   0.02663   0.01374  0.004232    0.0446        78       640    0.9562    0.9202    0.9557     0.433   0.08476   0.04361   0.02822
   138/299     3.46G    0.0289   0.01385  0.004692   0.04744        92       640     0.946    0.9067    0.9374    0.3552   0.08825   0.04318   0.03173
   139/299     3.46G   0.02632   0.01277  0.004038   0.04313        55       640    0.9685    0.9141    0.9646    0.4555   0.08397   0.04432   0.03011
   140/299     3.46G   0.02627   0.01387   0.00468   0.04482       118       640    0.9716    0.9371    0.9728    0.5352   0.08179   0.04391   0.02899
   141/299     3.46G    0.0274   0.01353  0.003804   0.04473       124       640    0.9616    0.9252     0.961    0.4313   0.08342   0.04544   0.02784
   142/299     3.46G   0.02618   0.01313  0.003857   0.04316        64       640    0.8629    0.8277    0.8087    0.2094   0.09091   0.04775   0.02764
   143/299     3.46G   0.02794   0.01319  0.004521   0.04565        94       640    0.9456     0.914    0.9456    0.3724   0.08399   0.04699   0.02686
   144/299     3.46G   0.02723   0.01398  0.005603   0.04681        89       640     0.939    0.9155     0.941     0.379   0.08385    0.0487    0.0268
   145/299     3.46G   0.02741   0.01341  0.004059   0.04488        65       640    0.9594    0.9076    0.9477     0.392   0.08268   0.04745   0.02737
   146/299     3.46G   0.02327   0.01331   0.00351   0.04009        77       640    0.9604    0.9406    0.9722    0.5108   0.07986   0.04707   0.02643
   147/299     3.46G   0.03116   0.01303  0.004383   0.04857        61       640    0.9752    0.9349    0.9724    0.5523   0.07726   0.04827   0.02639
   148/299     3.46G    0.0292   0.01334  0.004539   0.04708        75       640    0.9343    0.9005    0.9185    0.3154   0.08722   0.04563   0.02628
   149/299     3.46G   0.02915   0.01341  0.003831   0.04638        91       640    0.9382     0.931    0.9499    0.3798    0.0849   0.04534   0.02545
   150/299     3.46G   0.02671   0.01359  0.004311   0.04462        94       640    0.9421      0.91    0.9295    0.3327   0.08586   0.04647   0.02542
   151/299     3.46G   0.02443   0.01301  0.003916   0.04136        79       640    0.9437    0.9076    0.9315    0.3291   0.08526   0.04817    0.0256
   152/299     3.46G   0.02661   0.01278  0.005267   0.04466        77       640    0.9656    0.9159    0.9509    0.3932   0.08358   0.04715   0.02547
   153/299     3.46G   0.02637   0.01342  0.004444   0.04423       102       640    0.9499    0.9132    0.9342    0.3744   0.08502   0.04553    0.0255
   154/299     3.46G   0.02629   0.01367  0.006997   0.04695        81       640    0.9439    0.9101    0.9297    0.3586   0.08595   0.04601    0.0258
   155/299     3.46G   0.02338   0.01298  0.003834    0.0402        50       640    0.9525    0.9173    0.9477    0.3795   0.08608   0.04521   0.02528
   156/299     3.46G   0.02498   0.01288  0.004798   0.04266        62       640     0.903    0.8547    0.8658    0.2566   0.08923   0.04765   0.02591
   157/299     3.46G   0.02259    0.0132  0.003817   0.03961        74       640    0.9615    0.9438    0.9751    0.5546   0.07854    0.0464   0.02486
   158/299     3.46G   0.02706   0.01335  0.005649   0.04606       134       640    0.9491    0.9285     0.948    0.3769   0.08356   0.04876   0.02499
   159/299     3.46G   0.02504   0.01324  0.004627   0.04291        74       640    0.9461    0.9264    0.9445    0.3751   0.08217   0.05087    0.0256
   160/299     3.46G   0.02728   0.01335  0.004594   0.04523       100       640    0.9414    0.9163    0.9292    0.3263   0.08317   0.05064   0.02546
   161/299     3.46G    0.0265   0.01302  0.005332   0.04485        69       640    0.9331    0.8828    0.9045    0.3057   0.08373   0.04886   0.02556
   162/299     3.46G   0.02853   0.01374  0.005958   0.04823       110       640    0.9578    0.9285     0.958    0.4123   0.07996   0.04985   0.02564
   163/299     3.46G   0.02909   0.01326  0.004815   0.04717        89       640     0.967    0.9269    0.9681    0.4505   0.07899   0.04927   0.02534
   164/299     3.46G   0.02736   0.01321  0.004547   0.04511        82       640    0.9516    0.9058    0.9422    0.3899   0.08315   0.04757   0.02603
   165/299     3.46G   0.02373   0.01327  0.003861   0.04086       102       640    0.9694    0.9342    0.9715    0.4648   0.07696   0.05191   0.02552
   166/299     3.46G   0.02471   0.01291  0.002896   0.04052        60       640    0.9554    0.9186    0.9468    0.3559   0.08098   0.05239   0.02527
   167/299     3.46G   0.02592   0.01307  0.004462   0.04345       112       640    0.9147    0.8678    0.8727     0.295   0.08366   0.05085   0.02523
   168/299     3.46G   0.02497   0.01296   0.00424   0.04217        82       640    0.9601    0.9345    0.9637    0.4525   0.07793   0.05141   0.02492
   169/299     3.46G    0.0257   0.01338  0.004054   0.04314        65       640     0.919    0.8624    0.8776    0.2794   0.08576   0.04889    0.0252
   170/299     3.46G   0.02777   0.01348  0.004731   0.04598        94       640    0.9424    0.8968    0.9196    0.3408   0.08227   0.04939   0.02479
   171/299     3.46G   0.02644   0.01314  0.004138   0.04372        60       640     0.964    0.9437    0.9712    0.4742   0.07769   0.05046   0.02523
   172/299     3.46G   0.02534   0.01324  0.003602   0.04219        92       640     0.956    0.9069    0.9373    0.3413   0.08355   0.05028   0.02574
   173/299     3.46G   0.02439     0.013  0.004238   0.04163        92       640    0.9637    0.9272    0.9566    0.3788   0.08122   0.05045   0.02555
   174/299     3.46G    0.0252   0.01255  0.003639   0.04139        62       640    0.9542    0.9147    0.9465    0.3974   0.08138   0.04963   0.02523
   175/299     3.46G   0.02626   0.01241   0.00469   0.04336        63       640    0.9735     0.928    0.9686    0.4633   0.07819   0.05022    0.0248
   176/299     3.46G   0.02736    0.0133  0.005048   0.04571        83       640    0.8741    0.8311     0.818    0.2234   0.08651   0.05172   0.02461
   177/299     3.46G   0.02717   0.01268  0.004224   0.04407        99       640    0.9322    0.9265    0.9374    0.3726   0.08051   0.05267   0.02454
   178/299     3.46G   0.02531   0.01343  0.003889   0.04263        80       640    0.9382    0.9061    0.9177     0.312   0.08425   0.05127   0.02506
   179/299     3.46G   0.02741   0.01309   0.00441   0.04491       103       640    0.9613    0.9347    0.9564    0.4011   0.08142    0.0494   0.02483
   180/299     3.46G   0.02503   0.01336  0.002973   0.04137        75       640    0.9132    0.8963    0.9001    0.3026    0.0849   0.05076   0.02499
   181/299     3.46G   0.02779   0.01279  0.005388   0.04597        47       640    0.9612     0.922    0.9513    0.4184   0.08047   0.05093   0.02446
   182/299     3.46G   0.02357   0.01331  0.004922    0.0418        90       640    0.9485    0.9087    0.9341    0.3531   0.08214   0.05123   0.02486
   183/299     3.46G   0.02461   0.01298  0.004027   0.04162        89       640    0.9283    0.8855    0.8916    0.2847   0.08422    0.0519    0.0249
   184/299     3.46G   0.02573   0.01302   0.00373   0.04248        82       640    0.9465    0.9131    0.9362    0.3625   0.08138   0.05127   0.02413
   185/299     3.46G   0.02349   0.01244  0.004738   0.04067        55       640    0.9447    0.8985    0.9245    0.3347    0.0815   0.05158   0.02366
   186/299     3.46G   0.02602   0.01264   0.00475   0.04341        87       640     0.973    0.9253     0.966    0.4673   0.07615   0.05303   0.02364
   187/299     3.46G   0.02278   0.01274  0.004163   0.03967        91       640    0.9541    0.9162    0.9448    0.3537   0.08057   0.05235   0.02431
   188/299     3.46G   0.02539   0.01261  0.004156   0.04215        62       640    0.9489    0.9204    0.9442    0.3709   0.07973   0.05318    0.0244
   189/299     3.46G   0.02353   0.01307  0.004894   0.04149        76       640    0.8549    0.8032    0.7717    0.2058   0.08582   0.05543   0.02476
   190/299     3.46G   0.02827   0.01233  0.004985   0.04558        93       640    0.9728    0.9502    0.9827    0.5944    0.0704   0.05418   0.02354
   191/299     3.46G   0.02606   0.01267  0.004584   0.04332        62       640    0.9548    0.9368    0.9555    0.4152   0.07791   0.05382   0.02454
   192/299     3.46G   0.02794   0.01329  0.007467    0.0487        69       640    0.9501    0.9079    0.9326    0.3644   0.08103   0.05164   0.02477
   193/299     3.46G    0.0256   0.01335  0.004435   0.04338        47       640    0.9363    0.9164    0.9301    0.3384   0.08326   0.05108   0.02478
   194/299     3.46G   0.02671   0.01253  0.004076   0.04331        40       640    0.9326    0.9058    0.9199    0.3208    0.0829   0.05159     0.025
   195/299     3.46G   0.02496   0.01244  0.003917   0.04132        86       640    0.9439    0.9057    0.9239    0.3378   0.08012   0.05493   0.02489
   196/299     3.46G   0.02527   0.01292   0.00426   0.04245        44       640    0.9123     0.889    0.8912    0.2943   0.08223    0.0539   0.02502
   197/299     3.46G   0.02617   0.01321  0.003522    0.0429        79       640    0.9574    0.9329    0.9645    0.4424   0.07596   0.05407    0.0245
   198/299     3.46G   0.02511   0.01297  0.002989   0.04107        97       640    0.9564    0.9187    0.9499    0.4027   0.07823   0.05289   0.02469
   199/299     3.46G   0.02573   0.01344  0.004656   0.04382        90       640    0.9349    0.8992    0.9125    0.3021   0.08165   0.05357   0.02457
   200/299     3.46G   0.02589   0.01218  0.003868   0.04194        82       640    0.9426    0.9423    0.9544    0.4071   0.07952   0.05123    0.0243
   201/299     3.46G   0.02483   0.01235  0.004496   0.04167        59       640    0.9467    0.9221    0.9414     0.375   0.08044   0.05284   0.02384
   202/299     3.46G    0.0236   0.01288  0.004669   0.04116       118       640    0.9476    0.9213    0.9421    0.3876   0.07985   0.05312   0.02387
   203/299     3.46G   0.02183   0.01243  0.003251   0.03751        65       640    0.9512     0.933    0.9503    0.3922   0.07852    0.0548   0.02402
   204/299     3.46G   0.02522   0.01261  0.004493   0.04232        84       640    0.9454    0.9206    0.9386     0.352   0.07993   0.05499   0.02396
   205/299     3.46G   0.02393   0.01298  0.003445   0.04035        67       640    0.9616    0.9325    0.9597    0.4089   0.07776   0.05408   0.02392
   206/299     3.46G   0.02266    0.0122  0.003664   0.03853        70       640    0.9477     0.907    0.9304    0.3395   0.08121   0.05362   0.02434
   207/299     3.46G   0.02266   0.01273  0.003392   0.03878        84       640    0.9718     0.929    0.9606    0.4356   0.07766   0.05184   0.02445
   208/299     3.46G   0.02311   0.01237  0.003972   0.03944        65       640    0.9516     0.913    0.9363    0.3571   0.08175   0.05151   0.02496
   209/299     3.46G    0.0236   0.01282  0.003793   0.04021       131       640    0.9556    0.9185    0.9365    0.3473    0.0823   0.05189   0.02494
   210/299     3.46G   0.02458   0.01284  0.003355   0.04077       102       640    0.9308    0.9052    0.9149    0.3169   0.08141   0.05424   0.02472
   211/299     3.46G   0.02477   0.01287  0.004115   0.04175        71       640    0.9555     0.939    0.9578    0.4167   0.07702   0.05435   0.02436
   212/299     3.46G   0.02587   0.01247  0.004081   0.04242       120       640    0.9326    0.9097    0.9205    0.3186   0.08089    0.0533   0.02433
   213/299     3.46G   0.02477   0.01223  0.003933   0.04094        89       640    0.9302    0.8972    0.9128      0.31   0.08134   0.05424   0.02426
   214/299     3.46G   0.02475   0.01253  0.004167   0.04145       100       640    0.9519    0.9183    0.9401    0.3573   0.07968    0.0548   0.02395
   215/299     3.46G   0.02846   0.01271  0.005149   0.04632        88       640    0.9373     0.909    0.9226     0.329   0.08185   0.05332   0.02396
   216/299     3.46G   0.02378   0.01274  0.004134   0.04065        96       640    0.9227     0.903    0.9069    0.3119   0.08299   0.05245   0.02404
   217/299     3.46G    0.0246   0.01273  0.004894   0.04223        88       640    0.9456    0.8973    0.9188    0.3268   0.08216   0.05271   0.02408
   218/299     3.46G   0.02636    0.0128  0.004935    0.0441        68       640    0.9544     0.944    0.9653    0.4079   0.07728   0.05467   0.02396
   219/299     3.46G   0.02557   0.01286  0.004657   0.04309       108       640    0.9491    0.9202    0.9403    0.3511   0.07899   0.05594    0.0243
   220/299     3.46G   0.02517   0.01247   0.00385   0.04149        63       640    0.9432    0.9044    0.9219    0.3124   0.08089    0.0544   0.02451
   221/299     3.46G   0.02425   0.01276  0.004171   0.04118        78       640    0.9648    0.9252    0.9541    0.3906   0.07714    0.0549    0.0245
   222/299     3.46G   0.02403   0.01223  0.004768   0.04103        71       640    0.9582    0.9229    0.9488    0.3779   0.07725   0.05618   0.02475
   223/299     3.46G   0.02469   0.01236   0.00516   0.04221        94       640    0.9483    0.9197    0.9371    0.3447   0.07852   0.05542   0.02486
   224/299     3.46G   0.02557   0.01259   0.00448   0.04264        56       640    0.9494    0.9082    0.9316     0.351   0.07842   0.05523    0.0246
   225/299     3.46G   0.02341   0.01211   0.00391   0.03943        84       640    0.9401    0.9124    0.9266     0.329   0.07932   0.05541   0.02448
   226/299     3.46G   0.02478   0.01231  0.004279   0.04137        84       640    0.9352    0.9073    0.9214    0.3234   0.07959   0.05557    0.0243
   227/299     3.46G   0.02222   0.01293  0.003446    0.0386        88       640    0.9678    0.9099    0.9434    0.3702   0.07746    0.0556   0.02416
   228/299     3.46G   0.02187   0.01239  0.003294   0.03755        55       640    0.9411    0.9217    0.9377     0.356   0.07742   0.05644   0.02416
   229/299     3.46G   0.02345    0.0123   0.00377   0.03952       119       640    0.9372    0.8997    0.9158    0.3174   0.07884   0.05619   0.02419
   230/299     3.46G   0.02353   0.01226  0.004297   0.04009        66       640     0.966    0.9245    0.9533    0.3705    0.0772   0.05521   0.02401
   231/299     3.46G   0.02389   0.01318  0.003866   0.04093        99       640    0.9601    0.9242    0.9478    0.3687   0.07678   0.05616   0.02392
   232/299     3.46G   0.02407   0.01228  0.004326   0.04068        80       640     0.946    0.9072    0.9206    0.3264   0.07882   0.05566   0.02397
   233/299     3.46G   0.02369   0.01262  0.004192    0.0405        70       640    0.9409    0.9249    0.9318    0.3509   0.07771   0.05567   0.02388
   234/299     3.46G   0.02269   0.01267  0.003897   0.03926        98       640    0.9421    0.9074    0.9196    0.3199   0.07905   0.05616   0.02404
   235/299     3.46G   0.02331   0.01264  0.003947    0.0399        98       640    0.9686    0.9321    0.9582    0.4056   0.07533   0.05634   0.02384
   236/299     3.46G   0.02152   0.01231  0.003002   0.03683        95       640    0.9539    0.9253    0.9393    0.3691   0.07642   0.05675   0.02382
   237/299     3.46G   0.02326    0.0124  0.003944   0.03961        67       640    0.9452    0.9147    0.9274    0.3328   0.07768   0.05744   0.02399
   238/299     3.46G   0.02386   0.01249  0.004159   0.04052        72       640    0.9574    0.9362    0.9484    0.3749   0.07487   0.05842   0.02371
   239/299     3.46G    0.0234   0.01249  0.003622   0.03951        74       640    0.9599    0.9271    0.9432    0.3617   0.07522   0.05818   0.02373
   240/299     3.46G   0.02367   0.01207   0.00271   0.03845        76       640    0.9509    0.9254    0.9388    0.3475   0.07632   0.05702   0.02365
   241/299     3.46G   0.02274   0.01301  0.003277   0.03903       100       640    0.9608    0.9174    0.9379    0.3503    0.0765    0.0574   0.02359
   242/299     3.46G   0.02334   0.01279  0.003922   0.04005        90       640     0.941    0.9152    0.9189    0.3215   0.07786   0.05737   0.02366
   243/299     3.46G    0.0226   0.01229  0.003123   0.03801        88       640    0.9529    0.9238    0.9445    0.3749   0.07564   0.05733   0.02358
   244/299     3.46G   0.02401   0.01233   0.00358   0.03992        93       640    0.9626    0.9324     0.955    0.3928   0.07495   0.05701   0.02345
   245/299     3.46G   0.02251    0.0124  0.003529   0.03844        94       640    0.9708    0.9354    0.9612    0.4227   0.07438   0.05597   0.02344
   246/299     3.46G   0.02193   0.01244  0.002754   0.03712       109       640    0.9593    0.9326    0.9514    0.3771   0.07594   0.05646    0.0235
   247/299     3.46G   0.02149   0.01235   0.00272   0.03656        96       640    0.9603    0.9312    0.9481    0.3767   0.07624   0.05581   0.02347
   248/299     3.46G   0.02408   0.01227  0.004212   0.04055        84       640    0.9289    0.9012    0.9036    0.3047   0.07884   0.05672    0.0236
   249/299     3.46G   0.02285    0.0127  0.003031   0.03858        88       640    0.9286    0.8958    0.8983    0.2967    0.0787    0.0574    0.0236
   250/299     3.46G   0.02301   0.01228  0.004369   0.03966        68       640    0.9451    0.9085    0.9228    0.3342   0.07666   0.05766   0.02351
   251/299     3.46G   0.02243   0.01218  0.003432   0.03805        97       640    0.9604    0.9263    0.9472    0.3786   0.07476   0.05769   0.02343
   252/299     3.46G   0.02501   0.01263  0.004375   0.04201       116       640    0.9609    0.9295     0.953    0.3797   0.07479   0.05766   0.02349
   253/299     3.46G   0.02128   0.01186  0.004109   0.03725        77       640    0.9435    0.9224    0.9339    0.3384   0.07703   0.05726   0.02377
   254/299     3.46G   0.02163   0.01202   0.00389   0.03754        98       640    0.9402    0.9172    0.9282    0.3387    0.0773    0.0573   0.02376
   255/299     3.46G   0.02138   0.01182  0.003703    0.0369        77       640    0.9573    0.9253    0.9461    0.3669   0.07637    0.0574    0.0236
   256/299     3.46G   0.02338    0.0119  0.004154   0.03944       109       640    0.9499    0.9248    0.9372    0.3448   0.07737   0.05701   0.02365
   257/299     3.46G   0.02449    0.0124  0.004109     0.041        92       640    0.9537    0.9289    0.9447    0.3614   0.07643   0.05694    0.0236
   258/299     3.46G   0.02366   0.01206  0.004447   0.04016        48       640    0.9624     0.927    0.9533    0.3865   0.07519   0.05708   0.02356
   259/299     3.46G   0.02104   0.01222  0.002972   0.03622        79       640    0.9426    0.9209     0.932    0.3378   0.07732   0.05703   0.02362
   260/299     3.46G   0.02412   0.01243  0.003572   0.04012        98       640    0.9465      0.92    0.9309    0.3452   0.07684   0.05751   0.02366
   261/299     3.46G   0.02317   0.01257  0.004469   0.04021        54       640    0.9528    0.9285    0.9444    0.3754   0.07538    0.0576   0.02365
   262/299     3.46G   0.02153   0.01197  0.002805   0.03631        75       640    0.9569    0.9288    0.9478    0.3798   0.07506   0.05751   0.02371
   263/299     3.46G   0.02365    0.0124  0.004108   0.04016        93       640    0.9628    0.9255     0.947     0.374   0.07506   0.05751   0.02369
   264/299     3.46G   0.02364   0.01206  0.004602    0.0403        58       640    0.9614    0.9337      0.95    0.3791   0.07474   0.05775   0.02362
   265/299     3.46G   0.02185   0.01238  0.003766     0.038        53       640    0.9528    0.9274    0.9379    0.3503   0.07558   0.05788   0.02364
   266/299     3.46G   0.02256   0.01251  0.005063   0.04013       124       640    0.9542    0.9183    0.9344    0.3478   0.07583   0.05763   0.02364
   267/299     3.46G   0.02157   0.01223  0.003128   0.03693        57       640    0.9575    0.9224    0.9418    0.3605   0.07534   0.05793   0.02366
   268/299     3.46G   0.02145   0.01223  0.003105   0.03679       110       640    0.9584    0.9179    0.9379    0.3583    0.0754   0.05815   0.02367
   269/299     3.46G   0.02187   0.01212  0.003493   0.03749        53       640    0.9604    0.9176    0.9407    0.3641   0.07476   0.05812    0.0236
   270/299     3.46G   0.02126   0.01232  0.002853   0.03644        72       640    0.9478    0.9197    0.9308    0.3357    0.0757   0.05844   0.02362
   271/299     3.46G   0.02231   0.01257  0.003629   0.03851       102       640    0.9485    0.9166    0.9302    0.3354   0.07587   0.05826    0.0236
   272/299     3.46G   0.02444   0.01257  0.004667   0.04167       114       640    0.9551    0.9223    0.9392    0.3553     0.075   0.05823   0.02352
   273/299     3.46G   0.02241   0.01187  0.002987   0.03727        87       640    0.9606    0.9223    0.9448    0.3675   0.07452   0.05834   0.02352
   274/299     3.46G   0.02242    0.0125  0.003564   0.03848        84       640    0.9576    0.9215    0.9423    0.3636   0.07468   0.05845   0.02353
   275/299     3.46G   0.02236   0.01226  0.004894   0.03951        77       640    0.9566    0.9209     0.939    0.3547   0.07523    0.0582   0.02357
   276/299     3.46G   0.02431   0.01256  0.004769   0.04164        78       640    0.9553    0.9185    0.9351    0.3462   0.07571   0.05785    0.0236
   277/299     3.46G    0.0221   0.01204  0.004393   0.03853        93       640    0.9562    0.9232    0.9398    0.3558   0.07522   0.05819   0.02361
   278/299     3.46G   0.02287   0.01265  0.003859   0.03938       112       640     0.957    0.9296    0.9446    0.3673   0.07481   0.05811   0.02358
   279/299     3.46G   0.02149   0.01197  0.003352   0.03681       115       640    0.9548    0.9285    0.9431    0.3675   0.07501    0.0578    0.0236
   280/299     3.46G   0.02148   0.01212  0.003423   0.03703        61       640    0.9576    0.9299    0.9448    0.3602   0.07523   0.05793    0.0236
   281/299     3.46G   0.02117   0.01233  0.003106    0.0366       115       640    0.9545    0.9229    0.9374    0.3502   0.07562   0.05769    0.0236
   282/299     3.46G    0.0222   0.01212  0.003532   0.03785       109       640    0.9587    0.9237    0.9408    0.3559   0.07544   0.05776   0.02364
   283/299     3.46G    0.0237   0.01235   0.00439   0.04044        99       640    0.9582     0.921    0.9398    0.3488   0.07573   0.05775   0.02363
   284/299     3.46G   0.02159   0.01243  0.004758   0.03878       140       640    0.9567    0.9241    0.9412     0.355   0.07544   0.05777   0.02361
   285/299     3.46G   0.02465   0.01213   0.00464   0.04142        68       640    0.9534    0.9192    0.9345    0.3484   0.07587   0.05773   0.02369
   286/299     3.46G   0.02243   0.01218  0.003551   0.03816        69       640    0.9555    0.9196    0.9363    0.3497   0.07578   0.05788   0.02372
   287/299     3.46G   0.02134   0.01204  0.003775   0.03715       129       640    0.9583    0.9198    0.9397    0.3576   0.07526    0.0578   0.02368
   288/299     3.46G   0.02059   0.01185  0.003105   0.03555        91       640    0.9521    0.9265    0.9401    0.3589   0.07516   0.05793   0.02368
   289/299     3.46G    0.0213   0.01251  0.003117   0.03693        92       640    0.9493    0.9248    0.9388    0.3623     0.075   0.05799   0.02366
   290/299     3.46G   0.02145   0.01171  0.002951   0.03611        72       640    0.9571    0.9154    0.9356    0.3562   0.07527   0.05784   0.02366
   291/299     3.46G   0.02186   0.01276  0.003817   0.03844        74       640    0.9593    0.9173    0.9395    0.3646   0.07483   0.05792   0.02365
   292/299     3.46G    0.0229   0.01229  0.003773   0.03896        87       640     0.956    0.9201    0.9375    0.3596   0.07496     0.058   0.02363
   293/299     3.46G   0.02259   0.01228   0.00384   0.03871       112       640    0.9556    0.9234    0.9408    0.3671   0.07463   0.05792   0.02361
   294/299     3.46G   0.02202   0.01202  0.003102   0.03714        87       640    0.9548    0.9212     0.938    0.3625   0.07483   0.05798   0.02363
   295/299     3.46G   0.02133   0.01204  0.002935   0.03631       104       640    0.9582    0.9229    0.9417    0.3604   0.07506   0.05798   0.02362
   296/299     3.46G    0.0218   0.01192  0.003081    0.0368        74       640    0.9567     0.925    0.9412    0.3555   0.07521   0.05797   0.02361
   297/299     3.46G   0.02268    0.0123  0.003362   0.03833        59       640    0.9552    0.9263    0.9421    0.3589   0.07495   0.05797   0.02356
   298/299     3.46G   0.02138   0.01209  0.002806   0.03628        89       640    0.9579    0.9285    0.9425    0.3607   0.07498     0.058   0.02358
   299/299     3.46G   0.02178   0.01243  0.003732   0.03794       104       640    0.9558    0.9284    0.9426    0.3605   0.07492     0.058   0.02359
